<?xml version="1.0"?>
<opencv_storage>
<matrix type_id="opencv-matrix">
  <rows>3</rows>
  <cols>3</cols>
  <dt>d</dt>
  <data>
    1.1577785230057787e+03 0. 6.6711470556383347e+02 0.
    1.1528225299353944e+03 3.8612481259853234e+02 0. 0. 1.</data></matrix>
</opencv_storage>
