<?xml version="1.0"?>
<opencv_storage>
<matrix type_id="opencv-matrix">
  <rows>1</rows>
  <cols>5</cols>
  <dt>d</dt>
  <data>
    -2.4688724910438581e-01 -2.3725175702880845e-02
    -1.0983166921779599e-03 3.5082464357925826e-04
    -2.6057807030803034e-03</data></matrix>
</opencv_storage>
